=================================================================
AGGREGATED SUMMARY (49 queries total, from BAY_chunks.csv)
=================================================================

--- BOA* BASELINE (avg over 49 queries) ---
  Setup (heuristic+BOA*) time :   79.33 ms
  BOA* states expanded        :  148742
  BOA* states generated       :  192656
  POF solutions found         :    95.0

--- EXPANSIONS (avg, thousands) ---
Ordering     Z2:FTL    Z2:TL    Z2:MD    Z2:BR   Z2:FBR   Z3:FTL    Z3:TL    Z3:MD    Z3:BR   Z3:FBR   Z4:FTL    Z4:TL    Z4:MD    Z4:BR   Z4:FBR   Z5:Any
b1(avg)        0.25     0.34     0.53     0.74     1.00     0.50     0.56     0.69     0.82     1.00     0.75     0.78     0.84     0.91     1.00     1.00
b2(avg)        1.00     0.77     0.57     0.42     0.25     1.00     0.85     0.71     0.61     0.50     1.00     0.92     0.86     0.81     0.75     1.00
----------------------------------------------------------------------------------------------------------------------------------------------------------
Lex1            0.4     11.9     28.3     56.0     45.2      0.4      5.7     19.4     37.9     36.7      0.4      2.7      5.5     13.0     27.9      0.4
Lex2           25.1     40.2     53.0     13.0      0.5     51.9     67.4     29.1      5.7      0.5     22.7     19.4      5.7      3.1      0.5      0.5
Sel-Lex         0.4     11.9     28.7     13.0      0.5      0.4      5.7     23.3      5.7      0.5      0.4      2.7      4.9      3.1      0.5      0.4
Min             0.5   1051.4   2036.0     15.1      0.6      0.6     10.9   1045.3      6.7      0.6      0.6      4.7      5.3      3.4      0.7      0.9
Max           725.3    900.3   4583.0   4419.7   2430.1   3010.0   4449.3   4621.5   4525.9   4528.8   4603.6   3859.7   4096.1   4105.1   4519.6   4551.9
Average      2085.9   1842.3   1646.5   1970.2   2059.6   1460.3   1728.2   1940.7   1974.9   1939.8   1872.0   1948.5   1966.0   1873.9   1940.0   1951.5
BS              3.3      4.4      5.1      6.2      3.3      5.3      5.7      6.4      5.8      4.0      6.2      5.9      5.9      5.3      4.7      5.3

--- SEARCH TIME (avg, ms) ---
Ordering     Z2:FTL    Z2:TL    Z2:MD    Z2:BR   Z2:FBR   Z3:FTL    Z3:TL    Z3:MD    Z3:BR   Z3:FBR   Z4:FTL    Z4:TL    Z4:MD    Z4:BR   Z4:FBR   Z5:Any
b1(avg)        0.25     0.34     0.53     0.74     1.00     0.50     0.56     0.69     0.82     1.00     0.75     0.78     0.84     0.91     1.00     1.00
b2(avg)        1.00     0.77     0.57     0.42     0.25     1.00     0.85     0.71     0.61     0.50     1.00     0.92     0.86     0.81     0.75     1.00
----------------------------------------------------------------------------------------------------------------------------------------------------------
Lex1            0.1      1.3      3.2      7.2      5.1      0.0      0.5      2.2      4.4      4.2      0.0      0.2      0.5      1.4      3.7      0.0
Lex2            2.3      3.8      5.8      1.4      0.0      5.2      7.2      3.2      0.5      0.0      2.4      2.1      0.5      0.3      0.0      0.0
Sel-Lex         0.0      1.2      3.0      1.2      0.0      0.0      0.5      2.5      0.5      0.0      0.0      0.2      0.4      0.2      0.0      0.0
Min             0.1    620.4   1228.3      3.2      0.0      0.1      2.3    616.2      1.1      0.0      0.1      0.8      0.9      0.5      0.1      0.1
Max           473.3   3461.2   2227.0   2233.3   1229.9   1509.8   2076.6   2225.8   2216.4   2231.4   2227.3  20459.2   3133.5   3742.4   2229.1   2245.4
Average       782.0   1020.2    982.4   1186.7   1232.3    816.4    952.9   1189.6   1233.6   1189.7   1190.4   1192.6   1203.0   1195.5   1195.0   1197.3
BS              0.3      0.5      0.5      0.7      0.3      0.6      0.6      0.7      0.7      0.4      0.7      0.7      0.7      0.6      0.5      0.6

--- PRUNED (avg, thousands) ---
Ordering     Z2:FTL    Z2:TL    Z2:MD    Z2:BR   Z2:FBR   Z3:FTL    Z3:TL    Z3:MD    Z3:BR   Z3:FBR   Z4:FTL    Z4:TL    Z4:MD    Z4:BR   Z4:FBR   Z5:Any
b1(avg)        0.25     0.34     0.53     0.74     1.00     0.50     0.56     0.69     0.82     1.00     0.75     0.78     0.84     0.91     1.00     1.00
b2(avg)        1.00     0.77     0.57     0.42     0.25     1.00     0.85     0.71     0.61     0.50     1.00     0.92     0.86     0.81     0.75     1.00
----------------------------------------------------------------------------------------------------------------------------------------------------------
Lex1            0.5     17.6     43.8     89.8     74.4      0.5      8.0     29.1     58.9     58.1      0.5      3.6      7.8     19.5     42.7      0.5
Lex2           42.5     67.0     87.9     20.9      0.5     85.7    110.0     46.5      8.4      0.5     36.1     30.5      8.2      4.4      0.5      0.5
Sel-Lex         0.5     17.6     45.7     20.9      0.5      0.5      8.0     36.2      8.4      0.5      0.5      3.6      6.8      4.4      0.5      0.5
Min             0.2   2113.8   4454.6     21.6      0.2      0.2     14.1   2128.2      7.7      0.2      0.2      4.4      5.1      2.8      0.2      0.3
Max          1223.4   1609.3   8079.6   7930.0   5407.5   5568.1   8145.3   8132.9   7958.4   7966.7   8102.8   6639.2   7092.5   7110.4   7951.1   8001.1
Average      2661.5   2950.1   3077.5   3967.2   4088.3   2761.7   3373.5   3886.1   3970.3   3894.4   3744.4   3919.9   3958.7   3766.5   3901.5   3924.3
BS              5.3      7.0      8.1      9.8      4.7      8.3      8.9     10.0      8.8      5.9      9.7      9.0      9.0      8.0      6.9      7.8

--- SUCCESS RATE (%) ---
Ordering     Z2:FTL    Z2:TL    Z2:MD    Z2:BR   Z2:FBR   Z3:FTL    Z3:TL    Z3:MD    Z3:BR   Z3:FBR   Z4:FTL    Z4:TL    Z4:MD    Z4:BR   Z4:FBR   Z5:Any
b1(avg)        0.25     0.34     0.53     0.74     1.00     0.50     0.56     0.69     0.82     1.00     0.75     0.78     0.84     0.91     1.00     1.00
b2(avg)        1.00     0.77     0.57     0.42     0.25     1.00     0.85     0.71     0.61     0.50     1.00     0.92     0.86     0.81     0.75     1.00
----------------------------------------------------------------------------------------------------------------------------------------------------------
Lex1          100.0    100.0    100.0    100.0    100.0    100.0    100.0    100.0    100.0    100.0    100.0    100.0    100.0    100.0    100.0    100.0
Lex2          100.0    100.0    100.0    100.0    100.0    100.0    100.0    100.0    100.0    100.0    100.0    100.0    100.0    100.0    100.0    100.0
Sel-Lex       100.0    100.0    100.0    100.0    100.0    100.0    100.0    100.0    100.0    100.0    100.0    100.0    100.0    100.0    100.0    100.0
Min           100.0     98.0     95.9    100.0    100.0    100.0    100.0     98.0    100.0    100.0    100.0    100.0    100.0    100.0    100.0    100.0
Max           100.0     98.0     95.9     95.9     95.9     98.0     95.9     95.9     95.9     95.9     95.9     95.9     95.9     95.9     95.9     95.9
Average        98.0     98.0     98.0     98.0     95.9     98.0     98.0     98.0     95.9     98.0     98.0     98.0     98.0     98.0     98.0     98.0
BS            100.0     98.0     93.9     85.7    100.0    100.0    100.0    100.0     95.9    100.0    100.0    100.0    100.0    100.0    100.0    100.0

--- GENERATED (avg, thousands) ---
Ordering     Z2:FTL    Z2:TL    Z2:MD    Z2:BR   Z2:FBR   Z3:FTL    Z3:TL    Z3:MD    Z3:BR   Z3:FBR   Z4:FTL    Z4:TL    Z4:MD    Z4:BR   Z4:FBR   Z5:Any
b1(avg)        0.25     0.34     0.53     0.74     1.00     0.50     0.56     0.69     0.82     1.00     0.75     0.78     0.84     0.91     1.00     1.00
b2(avg)        1.00     0.77     0.57     0.42     0.25     1.00     0.85     0.71     0.61     0.50     1.00     0.92     0.86     0.81     0.75     1.00
----------------------------------------------------------------------------------------------------------------------------------------------------------
Lex1            0.7     16.1     36.6     72.7     58.5      0.8      8.3     25.1     48.6     48.1      0.8      4.3      8.2     17.5     35.5      0.8
Lex2           29.0     46.5     62.0     16.8      0.7     60.4     78.3     35.5      7.8      0.7     27.9     23.9      7.7      4.4      0.7      0.7
Sel-Lex         0.7     16.1     36.2     16.8      0.7      0.8      8.3     28.9      7.8      0.7      0.8      4.3      7.0      4.4      0.7      0.8
Min             1.3   1857.6   3367.3     38.7      1.3      1.5     28.9   1828.4     17.1      1.4      1.6     12.6     13.8      8.8      1.7      2.1
Max          1706.9   2049.5   6368.1   6195.4   3574.8   4986.0   6148.8   6401.1   6278.1   6304.6   6378.6   5329.9   5642.5   5654.4   6318.1   6326.8
Average      2678.7   2698.8   2560.5   2832.3   2985.6   2039.3   2526.8   2809.0   2879.8   2804.6   2715.9   2810.8   2846.9   2712.1   2799.8   2815.4
BS              4.1      5.5      6.4      8.0      4.5      6.7      7.4      8.2      7.6      5.5      8.2      7.9      7.8      7.1      6.4      7.2

--- BS SOLUTION QUALITY: avg error = (c1-p1)/p1 + (c2-p2)/p2 ---
  (p1,p2) = nearest POF point by normalised Euclidean distance)
  0.00 = exact Pareto point found;  N/A = no solution

Zone      Z2:FTL   Z2:TL   Z2:MD   Z2:BR  Z2:FBR  Z3:FTL   Z3:TL   Z3:MD   Z3:BR  Z3:FBR  Z4:FTL   Z4:TL   Z4:MD   Z4:BR  Z4:FBR   Z5:Any
----------------------------------------------------------------------------------------------------------------------------------------
BS        0.0045  0.0039  0.0027  0.0048  0.0000  0.0075  0.0020  0.0073  0.0061  0.0000  0.0042  0.0044  0.0083  0.0061  0.0000   0.0000

