=================================================================
AGGREGATED SUMMARY (19 queries total, from NY_chunks.csv)
=================================================================

--- BOA* BASELINE (avg over 19 queries) ---
  Setup (heuristic+BOA*) time :  104.86 ms
  BOA* states expanded        :  321447
  BOA* states generated       :  462226
  POF solutions found         :   157.8

--- EXPANSIONS (avg, thousands) ---
Ordering     Z2:FTL    Z2:TL    Z2:MD    Z2:BR   Z2:FBR   Z3:FTL    Z3:TL    Z3:MD    Z3:BR   Z3:FBR   Z4:FTL    Z4:TL    Z4:MD    Z4:BR   Z4:FBR   Z5:Any
b1(avg)        0.25     0.34     0.49     0.74     1.00     0.50     0.56     0.66     0.83     1.00     0.75     0.78     0.83     0.91     1.00     1.00
b2(avg)        1.00     0.71     0.49     0.34     0.25     1.00     0.81     0.66     0.56     0.50     1.00     0.90     0.83     0.78     0.75     1.00
----------------------------------------------------------------------------------------------------------------------------------------------------------
Lex1            0.5     24.6    105.4     89.9     88.9      0.5     10.4     33.0     65.3     78.0      0.5      7.3     10.0     16.1     17.3      0.5
Lex2           77.7     50.8     39.6      8.2      0.4     32.4     29.3     13.5      5.2      0.4      7.4      6.5      4.1      4.8      0.4      0.4
Sel-Lex         0.5     24.6    114.5      8.2      0.4      0.5     10.4     30.9      5.2      0.4      0.5      7.3      6.9      4.8      0.4      0.5
Min             0.5     29.1   1355.3     11.6      0.5      0.6     11.9     14.5     10.7      0.5      0.7      5.1      8.0      6.8      0.6      0.8
Max          1347.4    820.7   1433.1   2174.2   4437.6    840.8    840.9    840.8    840.8    840.5    840.8    840.8    840.8    840.8    840.8    840.8
Average      1437.9   1782.2   4077.7   3245.5   3289.2   3585.5   3676.7   4606.8   5125.3   5593.7   5103.5   4957.6   5384.1   5426.5   5572.4   5580.4
BS              5.3      5.2      5.0      5.4      3.3      6.2      5.8      5.3      4.9      4.0      5.8      5.5      5.4      4.7      4.5      5.1

--- SEARCH TIME (avg, ms) ---
Ordering     Z2:FTL    Z2:TL    Z2:MD    Z2:BR   Z2:FBR   Z3:FTL    Z3:TL    Z3:MD    Z3:BR   Z3:FBR   Z4:FTL    Z4:TL    Z4:MD    Z4:BR   Z4:FBR   Z5:Any
b1(avg)        0.25     0.34     0.49     0.74     1.00     0.50     0.56     0.66     0.83     1.00     0.75     0.78     0.83     0.91     1.00     1.00
b2(avg)        1.00     0.71     0.49     0.34     0.25     1.00     0.81     0.66     0.56     0.50     1.00     0.90     0.83     0.78     0.75     1.00
----------------------------------------------------------------------------------------------------------------------------------------------------------
Lex1            0.1      3.2     17.3     13.0     12.4      0.0      1.1      5.0     10.2     12.1      0.0      0.7      1.0      1.8      2.0      0.0
Lex2            9.9      5.9      4.6      1.0      0.0      3.7      3.2      1.6      0.5      0.0      0.8      0.7      0.4      0.5      0.0      0.0
Sel-Lex         0.0      3.1     18.3      0.9      0.0      0.0      1.0      4.6      0.5      0.0      0.0      0.7      0.7      0.4      0.0      0.0
Min             0.1      8.1    973.2      2.8      0.0      0.1      2.5      3.1      2.1      0.0      0.1      0.8      1.6      1.2      0.1      0.1
Max           586.5    556.4    996.6    713.7   1566.6    565.5    565.1    585.0    569.0    569.7    569.0    564.7    566.6    568.4    570.0    566.0
Average      1111.1   1133.1   2444.7   1966.6   2325.5   2449.8   2545.5   3147.2   3805.5   3899.9   3591.7   3605.5   3826.9   3867.3   3893.9   3906.7
BS              1.7      1.8      1.3      1.4      0.7      1.5      1.5      1.8      1.3      1.1      1.8      1.8      1.4      1.3      1.2      1.3

--- PRUNED (avg, thousands) ---
Ordering     Z2:FTL    Z2:TL    Z2:MD    Z2:BR   Z2:FBR   Z3:FTL    Z3:TL    Z3:MD    Z3:BR   Z3:FBR   Z4:FTL    Z4:TL    Z4:MD    Z4:BR   Z4:FBR   Z5:Any
b1(avg)        0.25     0.34     0.49     0.74     1.00     0.50     0.56     0.66     0.83     1.00     0.75     0.78     0.83     0.91     1.00     1.00
b2(avg)        1.00     0.71     0.49     0.34     0.25     1.00     0.81     0.66     0.56     0.50     1.00     0.90     0.83     0.78     0.75     1.00
----------------------------------------------------------------------------------------------------------------------------------------------------------
Lex1            0.5     44.7    228.2    191.7    189.1      0.5     17.0     62.7    135.4    161.6      0.5     11.7     16.4     27.7     29.8      0.5
Lex2          171.8    107.2     80.1     14.3      0.4     66.1     58.7     24.4      7.9      0.4     12.3     10.8      6.1      7.2      0.4      0.4
Sel-Lex         0.5     44.7    250.8     14.3      0.4      0.5     17.0     59.2      7.9      0.4      0.5     11.7     10.5      7.2      0.4      0.5
Min             0.2     36.5   3056.4     16.1      0.1      0.2     12.8     14.9     11.4      0.1      0.2      3.2      7.1      6.1      0.1      0.2
Max          3598.3   1944.7   3515.3   5649.5  11073.0   1976.0   1975.3   1973.4   1973.3   1973.1   1973.3   1973.3   1973.3   1973.3   1973.2   1973.2
Average      3472.2   4397.1   9896.2   7399.4   7641.4   8973.1   9124.8  11022.4  12118.4  13245.4  12313.5  11982.9  12856.7  12849.5  13183.8  13227.4
BS             10.4     10.4      9.5     10.1      5.6     11.8     11.1      9.9      9.0      7.0     10.9     10.3     10.0      8.5      8.1      9.3

--- SUCCESS RATE (%) ---
Ordering     Z2:FTL    Z2:TL    Z2:MD    Z2:BR   Z2:FBR   Z3:FTL    Z3:TL    Z3:MD    Z3:BR   Z3:FBR   Z4:FTL    Z4:TL    Z4:MD    Z4:BR   Z4:FBR   Z5:Any
b1(avg)        0.25     0.34     0.49     0.74     1.00     0.50     0.56     0.66     0.83     1.00     0.75     0.78     0.83     0.91     1.00     1.00
b2(avg)        1.00     0.71     0.49     0.34     0.25     1.00     0.81     0.66     0.56     0.50     1.00     0.90     0.83     0.78     0.75     1.00
----------------------------------------------------------------------------------------------------------------------------------------------------------
Lex1          100.0    100.0    100.0    100.0    100.0    100.0    100.0    100.0    100.0    100.0    100.0    100.0    100.0    100.0    100.0    100.0
Lex2          100.0    100.0    100.0    100.0    100.0    100.0    100.0    100.0    100.0    100.0    100.0    100.0    100.0    100.0    100.0    100.0
Sel-Lex       100.0    100.0    100.0    100.0    100.0    100.0    100.0    100.0    100.0    100.0    100.0    100.0    100.0    100.0    100.0    100.0
Min           100.0    100.0    100.0    100.0    100.0    100.0    100.0    100.0    100.0    100.0    100.0    100.0    100.0    100.0    100.0    100.0
Max           100.0    100.0    100.0    100.0    100.0    100.0    100.0    100.0    100.0    100.0    100.0    100.0    100.0    100.0    100.0    100.0
Average       100.0    100.0    100.0    100.0     94.7     94.7     94.7     94.7     94.7     94.7     94.7     94.7     94.7     94.7     94.7     94.7
BS            100.0    100.0     94.7     89.5    100.0    100.0    100.0    100.0    100.0    100.0    100.0    100.0    100.0    100.0    100.0    100.0

--- GENERATED (avg, thousands) ---
Ordering     Z2:FTL    Z2:TL    Z2:MD    Z2:BR   Z2:FBR   Z3:FTL    Z3:TL    Z3:MD    Z3:BR   Z3:FBR   Z4:FTL    Z4:TL    Z4:MD    Z4:BR   Z4:FBR   Z5:Any
b1(avg)        0.25     0.34     0.49     0.74     1.00     0.50     0.56     0.66     0.83     1.00     0.75     0.78     0.83     0.91     1.00     1.00
b2(avg)        1.00     0.71     0.49     0.34     0.25     1.00     0.81     0.66     0.56     0.50     1.00     0.90     0.83     0.78     0.75     1.00
----------------------------------------------------------------------------------------------------------------------------------------------------------
Lex1            0.9     42.5    157.5    128.7    125.0      0.9     18.1     55.5    102.9    120.9      0.9     13.0     17.4     28.1     30.2      0.9
Lex2           98.9     65.8     51.5     12.2      0.7     41.9     37.7     19.4      8.1      0.7     11.1     10.0      6.6      7.3      0.7      0.7
Sel-Lex         0.9     42.5    164.0     12.2      0.7      0.9     18.1     50.4      8.1      0.7      0.9     13.0     12.2      7.3      0.7      0.9
Min             1.4     93.2   2799.7     33.5      1.3      1.7     36.6     44.5     31.9      1.5      1.9     15.9     24.6     20.3      1.8      2.2
Max          2112.6   1721.5   2755.9   3121.8   6439.6   1770.3   1771.1   1773.0   1773.0   1771.3   1773.0   1773.0   1773.1   1773.1   1773.1   1773.1
Average      2896.5   3239.5   6296.0   5186.8   5768.3   6046.8   6275.8   7711.9   8407.1   9065.9   8520.4   8432.7   8892.6   8954.5   9059.6   9091.7
BS              7.9      7.8      7.5      8.1      5.1      9.5      8.9      8.2      7.6      6.3      9.2      8.7      8.5      7.5      7.2      8.2

--- BS SOLUTION QUALITY: avg error = (c1-p1)/p1 + (c2-p2)/p2 ---
  (p1,p2) = nearest POF point by normalised Euclidean distance)
  0.00 = exact Pareto point found;  N/A = no solution

Zone      Z2:FTL   Z2:TL   Z2:MD   Z2:BR  Z2:FBR  Z3:FTL   Z3:TL   Z3:MD   Z3:BR  Z3:FBR  Z4:FTL   Z4:TL   Z4:MD   Z4:BR  Z4:FBR   Z5:Any
----------------------------------------------------------------------------------------------------------------------------------------
BS        0.0012  0.0080  0.0061  0.0104  0.0000  0.0029  0.0049  0.0027  0.0075  0.0000  0.0017  0.0013  0.0020  0.0015  0.0000   0.0000

