=================================================================
AGGREGATED SUMMARY (19 queries total, from NY_chunks.csv)
=================================================================

--- BOA* BASELINE (avg over 19 queries) ---
  Setup (heuristic+BOA*) time :  110.62 ms
  BOA* states expanded        :  342561
  BOA* states generated       :  492295
  POF solutions found         :   166.5

--- EXPANSIONS (avg, thousands) ---
Ordering     Z2:FTL    Z2:TL    Z2:MD    Z2:BR   Z2:FBR   Z3:FTL    Z3:TL    Z3:MD    Z3:BR   Z3:FBR   Z4:FTL    Z4:TL    Z4:MD    Z4:BR   Z4:FBR   Z5:Any
b1(avg)        0.25     0.34     0.48     0.74     1.00     0.50     0.56     0.66     0.83     1.00     0.75     0.78     0.83     0.91     1.00     1.00
b2(avg)        1.00     0.71     0.49     0.33     0.25     1.00     0.80     0.66     0.55     0.50     1.00     0.90     0.83     0.78     0.75     1.00
----------------------------------------------------------------------------------------------------------------------------------------------------------
Lex1            0.5     25.2    110.0     91.9     91.3      0.5     10.5     34.0     66.9     80.7      0.5      7.2     10.0     16.6     17.9      0.5
Lex2           80.1     52.8     41.6      9.6      0.4     34.8     32.0     14.9      5.8      0.4      8.5      7.6      4.8      5.1      0.4      0.4
Sel-Lex         0.5     25.2    116.5      9.6      0.4      0.5     10.5     32.3      5.8      0.4      0.5      7.2      7.6      5.1      0.4      0.5
Min             0.5     29.7   1357.8     13.0      0.5      0.6     12.1     16.3     11.6      0.6      0.7      5.0      8.3      7.3      0.7      0.8
Max          1349.5    822.8   1435.2   2176.3   4439.8    842.9    843.0    842.9    842.9    842.6    842.9    842.9    842.9    842.9    842.9    842.9
Average      1441.2   1785.7   4080.4   3249.3   3293.0   3550.3   3681.1   4611.7   5389.5   5612.5   5106.1   4958.9   5385.8   5424.2   5574.2   5560.6
BS              5.6      5.5      5.3      5.7      3.7      6.5      6.1      5.6      5.2      4.3      6.1      5.8      5.7      5.0      4.9      5.4

--- SEARCH TIME (avg, ms) ---
Ordering     Z2:FTL    Z2:TL    Z2:MD    Z2:BR   Z2:FBR   Z3:FTL    Z3:TL    Z3:MD    Z3:BR   Z3:FBR   Z4:FTL    Z4:TL    Z4:MD    Z4:BR   Z4:FBR   Z5:Any
b1(avg)        0.25     0.34     0.48     0.74     1.00     0.50     0.56     0.66     0.83     1.00     0.75     0.78     0.83     0.91     1.00     1.00
b2(avg)        1.00     0.71     0.49     0.33     0.25     1.00     0.80     0.66     0.55     0.50     1.00     0.90     0.83     0.78     0.75     1.00
----------------------------------------------------------------------------------------------------------------------------------------------------------
Lex1            0.1      3.2     18.2     13.5     12.8      0.0      1.1      4.6     10.4     12.7      0.0      0.7      1.1      2.0      2.1      0.0
Lex2           10.5      6.2      4.8      1.1      0.0      4.0      3.7      1.8      0.6      0.0      1.0      0.9      0.5      0.5      0.0      0.0
Sel-Lex         0.0      3.2     18.7      1.1      0.0      0.0      1.1      4.2      0.6      0.0      0.0      0.7      0.8      0.5      0.0      0.0
Min             0.1      8.6   1010.9      3.1      0.0      0.1      2.5      3.6      2.3      0.1      0.1      0.8      1.6      1.4      0.1      0.1
Max           639.9    589.0   1058.1    756.0   1664.5    600.4    569.6    572.5    570.4    569.2    566.6    568.3    574.9    598.1    568.4    593.0
Average      1164.4   1194.9   2736.2   2100.8   2450.9   2514.4   2622.0   3239.4   3933.4   4036.3   3706.6   3704.8   3923.2   3942.7   4008.4   4018.5
BS              1.7      1.9      1.3      1.4      0.8      1.5      1.6      1.8      1.4      1.2      1.9      1.8      1.4      1.3      1.3      1.4

--- PRUNED (avg, thousands) ---
Ordering     Z2:FTL    Z2:TL    Z2:MD    Z2:BR   Z2:FBR   Z3:FTL    Z3:TL    Z3:MD    Z3:BR   Z3:FBR   Z4:FTL    Z4:TL    Z4:MD    Z4:BR   Z4:FBR   Z5:Any
b1(avg)        0.25     0.34     0.48     0.74     1.00     0.50     0.56     0.66     0.83     1.00     0.75     0.78     0.83     0.91     1.00     1.00
b2(avg)        1.00     0.71     0.49     0.33     0.25     1.00     0.80     0.66     0.55     0.50     1.00     0.90     0.83     0.78     0.75     1.00
----------------------------------------------------------------------------------------------------------------------------------------------------------
Lex1            0.6     45.7    237.8    195.8    193.9      0.5     17.2     64.8    138.9    167.6      0.5     11.5     16.4     28.7     30.8      0.5
Lex2          177.4    111.8     84.3     16.8      0.4     71.1     64.4     27.2      8.9      0.4     14.2     12.6      7.2      7.7      0.4      0.4
Sel-Lex         0.6     45.7    255.1     16.8      0.4      0.5     17.2     62.0      8.9      0.4      0.5     11.5     11.7      7.7      0.4      0.5
Min             0.2     36.9   3061.2     18.1      0.1      0.2     12.8     17.4     12.4      0.1      0.2      3.0      7.3      6.5      0.1      0.2
Max          3601.6   1947.3   3517.9   5652.1  11075.7   1978.6   1978.0   1976.0   1976.0   1975.7   1976.0   1976.0   1975.9   1975.9   1975.9   1975.9
Average      3479.2   4403.7   9851.9   7405.7   7647.7   8817.8   9134.7  11036.7  12862.8  13323.5  12311.9  11972.7  12848.5  12817.7  13184.3  13149.6
BS             11.1     11.0     10.2     10.9      6.4     12.4     11.7     10.5      9.7      7.7     11.5     10.9     10.7      9.2      8.8     10.0

--- SUCCESS RATE (%) ---
Ordering     Z2:FTL    Z2:TL    Z2:MD    Z2:BR   Z2:FBR   Z3:FTL    Z3:TL    Z3:MD    Z3:BR   Z3:FBR   Z4:FTL    Z4:TL    Z4:MD    Z4:BR   Z4:FBR   Z5:Any
b1(avg)        0.25     0.34     0.48     0.74     1.00     0.50     0.56     0.66     0.83     1.00     0.75     0.78     0.83     0.91     1.00     1.00
b2(avg)        1.00     0.71     0.49     0.33     0.25     1.00     0.80     0.66     0.55     0.50     1.00     0.90     0.83     0.78     0.75     1.00
----------------------------------------------------------------------------------------------------------------------------------------------------------
Lex1          100.0    100.0    100.0    100.0    100.0    100.0    100.0    100.0    100.0    100.0    100.0    100.0    100.0    100.0    100.0    100.0
Lex2          100.0    100.0    100.0    100.0    100.0    100.0    100.0    100.0    100.0    100.0    100.0    100.0    100.0    100.0    100.0    100.0
Sel-Lex       100.0    100.0    100.0    100.0    100.0    100.0    100.0    100.0    100.0    100.0    100.0    100.0    100.0    100.0    100.0    100.0
Min           100.0    100.0    100.0    100.0    100.0    100.0    100.0    100.0    100.0    100.0    100.0    100.0    100.0    100.0    100.0    100.0
Max           100.0    100.0    100.0    100.0    100.0    100.0    100.0    100.0    100.0    100.0    100.0    100.0    100.0    100.0    100.0    100.0
Average       100.0    100.0     94.7    100.0     94.7     94.7     94.7     94.7     94.7     94.7     94.7     94.7     94.7     94.7     94.7     94.7
BS            100.0    100.0     94.7     89.5    100.0    100.0    100.0    100.0    100.0    100.0    100.0    100.0    100.0    100.0    100.0    100.0

--- GENERATED (avg, thousands) ---
Ordering     Z2:FTL    Z2:TL    Z2:MD    Z2:BR   Z2:FBR   Z3:FTL    Z3:TL    Z3:MD    Z3:BR   Z3:FBR   Z4:FTL    Z4:TL    Z4:MD    Z4:BR   Z4:FBR   Z5:Any
b1(avg)        0.25     0.34     0.48     0.74     1.00     0.50     0.56     0.66     0.83     1.00     0.75     0.78     0.83     0.91     1.00     1.00
b2(avg)        1.00     0.71     0.49     0.33     0.25     1.00     0.80     0.66     0.55     0.50     1.00     0.90     0.83     0.78     0.75     1.00
----------------------------------------------------------------------------------------------------------------------------------------------------------
Lex1            1.0     43.6    164.3    131.8    128.7      1.0     18.6     57.3    105.4    124.7      1.0     12.9     17.6     29.2     31.3      1.0
Lex2          101.9     68.5     54.4     14.4      0.7     45.4     41.7     21.7      9.2      0.7     13.0     11.8      7.7      7.9      0.7      0.7
Sel-Lex         1.0     43.6    167.0     14.4      0.7      1.0     18.6     52.7      9.2      0.7      1.0     12.9     13.3      7.9      0.7      1.0
Min             1.5     95.4   2807.5     37.9      1.3      1.8     37.4     50.8     34.6      1.6      2.0     15.7     25.5     22.2      1.9      2.3
Max          2118.7   1728.5   2762.9   3128.8   6446.8   1777.3   1778.1   1780.0   1780.0   1778.4   1780.1   1780.1   1780.1   1780.1   1780.1   1780.2
Average      2905.7   3250.7   6306.2   5199.5   5781.0   5904.2   6291.1   7729.3   8919.9   9129.7   8528.2   8435.4   8896.9   8943.1   9064.2   9009.9
BS              8.3      8.2      8.1      8.7      5.8     10.0      9.4      8.8      8.2      6.9      9.7      9.2      9.0      8.1      7.8      8.7

--- BS SOLUTION QUALITY: avg error = (c1-p1)/p1 + (c2-p2)/p2 ---
  (p1,p2) = nearest POF point by normalised Euclidean distance)
  0.00 = exact Pareto point found;  N/A = no solution

Zone      Z2:FTL   Z2:TL   Z2:MD   Z2:BR  Z2:FBR  Z3:FTL   Z3:TL   Z3:MD   Z3:BR  Z3:FBR  Z4:FTL   Z4:TL   Z4:MD   Z4:BR  Z4:FBR   Z5:Any
----------------------------------------------------------------------------------------------------------------------------------------
BS        0.0017  0.0080  0.0061  0.0104  0.0000  0.0029  0.0049  0.0027  0.0075  0.0000  0.0017  0.0013  0.0020  0.0015  0.0000   0.0000

